-3.189281874770763192e+00
-2.499977030371022479e+00
-2.418981568447595709e+00
-2.196896817545338276e+00
-2.154836136181966566e+00
-1.794347793940847646e+00
-1.704506281653598521e+00
-8.235227696761657779e-01
-7.399527819143699725e-01
-6.969112846281220186e-01
-6.540026899528763593e-01
-5.867891270984582075e-01
-2.943622610236059645e-01
-2.538859376921976940e-01
-2.288742009267029087e-01
8.717951803022670754e-03
5.476960688803103605e-02
6.789378669451735515e-01
7.600327510023375810e-01
8.017387946585715630e-01
1.063112963828572788e+00
1.087455488697274708e+00
1.465661987433201752e+00
1.544494938795410777e+00
1.780251472323417072e+00
1.974172366084681496e+00
2.949285772756456314e+00
3.280237005240626225e+00
3.312934244917260518e+00
3.583317218066277565e+00
3.601122038416527005e+00
3.985866241674265176e+00
4.034888771857526812e+00
5.040261253696842303e+00
5.195054976039576999e+00
7.437719694617959121e+00
7.622447492423757076e+00
8.223432213592941409e+00
8.937705227533902175e+00
8.963690557716764928e+00
9.240785440359934100e+00
9.254161397240466158e+00
9.643334463967690340e+00
9.679196475891245655e+00
1.069772947597875401e+01
1.079065050891076005e+01
1.321793373023515095e+01
1.348551941183457892e+01
1.967578005317063727e+01
1.976449285405080403e+01
1.993479500194048981e+01
2.117576558608735127e+01
2.119647106036780571e+01
2.147884579891323753e+01
2.148943736116053671e+01
2.188139482252081081e+01
2.190802843304918568e+01
2.293578983453794962e+01
2.300255957264696605e+01
2.545599408879300185e+01
2.561176936604601195e+01
3.111346231107227567e+01
3.153946277853420099e+01
4.478890167138585809e+01
4.557141159396658736e+01
4.571021648701135831e+01
4.707139712688401545e+01
4.708723471772112390e+01
4.737447733971020369e+01
4.738239464096057674e+01
4.777702636331618180e+01
4.779745185533177221e+01
4.883142137533648963e+01
4.887962205937449767e+01
5.135162562958649346e+01
5.145982407428871142e+01
5.700909385186070466e+01
5.724818432822456771e+01
6.924715421042971286e+01
6.989216193576649516e+01
9.724856172352043870e+01
9.971256981907355055e+01
9.980838371424520972e+01
1.012125553519905594e+02
1.012238963666206075e+02
1.015156355648169750e+02
1.015213119400162896e+02
1.019181845884226476e+02
1.019325425501250209e+02
1.029725796004442486e+02
1.030077516373170141e+02
1.054927838546906571e+02
1.055680917387814759e+02
1.111502520769731319e+02
1.113108984761654767e+02
1.233883124355378698e+02
1.237390838746701291e+02
1.492839439763259293e+02
1.502356069051337499e+02
2.064798952769419316e+02
2.120591359606291633e+02
2.121219374151822876e+02
2.135591214935462006e+02
2.135666988583726607e+02
2.138622017063727299e+02
2.138659620064325964e+02
2.142647507299775214e+02
2.142744285306557970e+02
2.153191457420016377e+02
2.153425726117047816e+02
2.178393499962438682e+02
2.178917230034394947e+02
2.234968182185309900e+02
2.236048676708008713e+02
2.357348785770894608e+02
2.359641453141144041e+02
2.616305101178840005e+02
2.621355998134961283e+02
3.157716683429912337e+02
3.171567868027403279e+02
4.325352507057969547e+02
4.454689595298279983e+02
4.455078336714642546e+02
4.469689450627446377e+02
4.469736924856582050e+02
4.472720252755711954e+02
4.472743806436919272e+02
4.476745742991760721e+02
4.476806001402474635e+02
4.487289693112011832e+02
4.487439184027002739e+02
4.512491735654411968e+02
4.512824814997457565e+02
4.569066417877312460e+02
4.569788479790370275e+02
4.691447021462880684e+02
4.692947664070023848e+02
4.950403336870828070e+02
4.953641800877276751e+02
5.491814919121887897e+02
5.499055898334765971e+02
6.615280580537452124e+02
6.635364149576347472e+02
9.013421084619183148e+02
9.328887751730430864e+02
9.329116264040063697e+02
9.343887607059585889e+02
9.343915718275820836e+02
9.346918409187862835e+02
9.346932306506129180e+02
9.350943899423904213e+02
9.350979692376488401e+02
9.361487849544157598e+02
9.361576432325140331e+02
9.386689892086551481e+02
9.386892628405593086e+02
9.443264574309470163e+02
9.443706120370503641e+02
9.565645177895020197e+02
9.566615039343705575e+02
9.824601493302967583e+02
9.826675446803297973e+02
1.036601307555403764e+03
1.037058974146579658e+03
1.148947873696959959e+03
1.149991738393470314e+03
1.382357697266159676e+03
1.385268676064429656e+03
1.879164086499823270e+03
1.985113102460228674e+03
1.985125840422088004e+03
1.986613087993147019e+03
1.986614662184014378e+03
1.986916168205972781e+03
1.986916946022159891e+03
1.987318717229577487e+03
1.987320717340882311e+03
1.988373112241602030e+03
1.988378108148284582e+03
1.990893316495839372e+03
1.990904764925192239e+03
1.996550784718133173e+03
1.996576446136710047e+03
2.008788845076687267e+03
2.008845968764077043e+03
2.034684476617484506e+03
2.034814357544274344e+03
2.088825634842590716e+03
2.089114471951993892e+03
2.201172200984146002e+03
2.201828274632614011e+03
2.434582024553346400e+03
2.436123722395186178e+03
2.922001840196559442e+03
2.926293547071581997e+03
3.988453557686275417e+03
4.430068088420051026e+03
4.430074694575796457e+03
4.431568073952965278e+03
4.431568892788840458e+03
4.431871154165791268e+03
4.431871558563342660e+03
4.432273703189394837e+03
4.432274742636928750e+03
4.433328098201419380e+03
4.433330707709435046e+03
4.435848302455657176e+03
4.435854291674220804e+03
4.441505770677952569e+03
4.441519452324254416e+03
4.453743831036510528e+03
4.453774579400040238e+03
4.479639462577306404e+03
4.479713319059233982e+03
4.533780620802411249e+03
4.533948392155577494e+03
4.646127186943969718e+03
4.646551329932395674e+03
4.879537010513162386e+03
4.880453646773472428e+03
5.366956826156379975e+03
5.369651839509340789e+03
6.419181153443566473e+03
6.425513643168958879e+03
8.891009697875533675e+03
